62
5843074
-1663161258
902683676
-518346296
-1563116430
-2054077160
1635775692
-111041284
-452504828
-808504800
813042370
-283910766
-977098862
-1896884218
1419581954
69974374
426829430
1701902188
687915078
774706104
321203678
2081274456
556089628
21804642
41614088
1764608348
-1812230902
-1627675272
-1484876244
-1459651266
776273758
-1198708132
2105074294
1644326532
266358666
-1457228528
-637060458
-546991610
-1867241306
1410033516
-204387954
-901566442
168856212
27909866
-1776317374
664685296
-2137162822
1098925454
-268519254
978786152
-654162138
-355310280
359824972
373363802
-1439414278
1832587526
1243149622
1388228874
-371699390
110875892
1755202424
432529990